8546
3622
0496
1004
2459
4514
6906
0028
8930
8886
6944
9020
6657
4772
0928
4292
5104
1760
8426
1396
1092
6811
3357
7085
4150
4911
1456
6401
9321
4665
7646
2086
7786
7077
5756
1707
1549
1233
4501
8178
6878
1864
8964
2159
7359
8722
5630
3793
0792
9357
9461
9649
4244
6753
0313
2873
4005
8427
6490
3293
7644
2268
5952
9940
4195
7373
5248
7080
3952
5131
1449
6660
0889
3590
2452
4069
1407
0317
5559
4582
1931
9137
6886
5065
8328
0453
9626
5977
9143
6985
7932
5142
5078
6637
5501
7905
6960
4849
6865
5814
5215
1323
0018
1931
2754
5642
6440
9666
0912
4607
0028
1787
6668
0668
9103
0715
3281
5418
8216
2272
1330
1078
7624
2233
1484
2514
8779
9403
4494
0623
7842
3741
7613
8983
7740
1230
1617
3188
1118
6115
2019
9211
3919
2658
4292
6625
4315
2924
9290
0852
3226
0023
7707
5777
